a = [1 -1 1; 2 1 -2; 1 4 3];
b = [8;1;9];
r = a \ b

